-80
-79
-79
-82
-82
-85
-80
-82
-74
-73
-72
-74
-72
-73
-74
-75
-73
-79
-77
-74
-83
-79
-80
-77
-77
-78
-80
-81
-80
-80
-79
-79
-80
-81
-81
-81
-81
-80
-81
-81
-82
-83
-83
-82
-81
-83
-80
-73
-72
-72
-74
-73
-74
-75
-73
-73
-75
-79
-78
-81
-83
-79
-81
-82
-81
-81
-82
-83
-87
-83
-83
-84
-83
-82
-83
-83
-83
-82
-85
-82
-81
-79
-77
-80
-79
-77
-75
-76
-77
-79
-84
-80
-77
-83
-86
-84
-79
-78
-79
-80
-85
-82
-79
-90
-92
-85
-91
-90
-93
-87
-86
-86
-85
-82
-79
-81
-80
-81
-82
-80
-84
-82
-82
-82
-86
-84
-89
-87
-89
-88
-87
-86
-86
-87
-82
-82
-83
-82
-79
-81
-83
-80
-86
-85
-86
-86
-85
-85
-86
-86
-94
-94
-91
-90
-91
-90
-89
-90
-92
-94
-94
-92
-92
-80
-80
-80
-79
-80
-80
-81
-88